(kicad_pcb (version 20171130) (host pcbnew 6.0.0-rc1-unknown-16b5f40~65~ubuntu18.04.1)

  (general
    (thickness 1.6)
    (drawings 11)
    (tracks 103)
    (zones 0)
    (modules 30)
    (nets 21)
  )

  (page A4)
  (title_block
    (title C9000DummyDisplay)
    (date 2018-08-01)
    (rev 0.1)
    (company DF2ET)
  )

  (layers
    (0 F.Cu signal)
    (31 B.Cu signal)
    (32 B.Adhes user)
    (33 F.Adhes user)
    (34 B.Paste user)
    (35 F.Paste user)
    (36 B.SilkS user)
    (37 F.SilkS user)
    (38 B.Mask user)
    (39 F.Mask user)
    (40 Dwgs.User user)
    (41 Cmts.User user)
    (42 Eco1.User user)
    (43 Eco2.User user)
    (44 Edge.Cuts user)
    (45 Margin user)
    (46 B.CrtYd user)
    (47 F.CrtYd user)
    (48 B.Fab user)
    (49 F.Fab user)
  )

  (setup
    (last_trace_width 0.25)
    (user_trace_width 0.25)
    (user_trace_width 0.5)
    (trace_clearance 0.2)
    (zone_clearance 0.508)
    (zone_45_only no)
    (trace_min 0.2)
    (via_size 0.8)
    (via_drill 0.4)
    (via_min_size 0.4)
    (via_min_drill 0.3)
    (uvia_size 0.3)
    (uvia_drill 0.1)
    (uvias_allowed no)
    (uvia_min_size 0.2)
    (uvia_min_drill 0.1)
    (edge_width 0.05)
    (segment_width 0.2)
    (pcb_text_width 0.3)
    (pcb_text_size 1.5 1.5)
    (mod_edge_width 0.12)
    (mod_text_size 1 1)
    (mod_text_width 0.15)
    (pad_size 0.6 0.6)
    (pad_drill 0.3)
    (pad_to_mask_clearance 0.2)
    (aux_axis_origin 0 0)
    (visible_elements FFFFFF7F)
    (pcbplotparams
      (layerselection 0x010fc_ffffffff)
      (usegerberextensions true)
      (usegerberattributes false)
      (usegerberadvancedattributes false)
      (creategerberjobfile false)
      (excludeedgelayer true)
      (linewidth 0.100000)
      (plotframeref false)
      (viasonmask false)
      (mode 1)
      (useauxorigin false)
      (hpglpennumber 1)
      (hpglpenspeed 20)
      (hpglpendiameter 15.000000)
      (psnegative false)
      (psa4output false)
      (plotreference true)
      (plotvalue true)
      (plotinvisibletext false)
      (padsonsilk false)
      (subtractmaskfromsilk false)
      (outputformat 1)
      (mirror false)
      (drillshape 0)
      (scaleselection 1)
      (outputdirectory "gerber/"))
  )

  (net 0 "")
  (net 1 "Net-(AFF1-Pad10)")
  (net 2 "Net-(AFF1-Pad9)")
  (net 3 +3V3)
  (net 4 "Net-(AFF1-Pad7)")
  (net 5 "Net-(AFF1-Pad6)")
  (net 6 "Net-(AFF1-Pad5)")
  (net 7 "Net-(AFF1-Pad4)")
  (net 8 "Net-(AFF1-Pad2)")
  (net 9 "Net-(AFF1-Pad1)")
  (net 10 SCL)
  (net 11 SDA)
  (net 12 GND)
  (net 13 A)
  (net 14 B)
  (net 15 C)
  (net 16 D)
  (net 17 E)
  (net 18 F)
  (net 19 G)
  (net 20 DP)

  (net_class Default "This is the default net class."
    (clearance 0.2)
    (trace_width 0.25)
    (via_dia 0.8)
    (via_drill 0.4)
    (uvia_dia 0.3)
    (uvia_drill 0.1)
    (add_net +3V3)
    (add_net A)
    (add_net B)
    (add_net C)
    (add_net D)
    (add_net DP)
    (add_net E)
    (add_net F)
    (add_net G)
    (add_net GND)
    (add_net "Net-(AFF1-Pad1)")
    (add_net "Net-(AFF1-Pad10)")
    (add_net "Net-(AFF1-Pad2)")
    (add_net "Net-(AFF1-Pad4)")
    (add_net "Net-(AFF1-Pad5)")
    (add_net "Net-(AFF1-Pad6)")
    (add_net "Net-(AFF1-Pad7)")
    (add_net "Net-(AFF1-Pad9)")
    (add_net SCL)
    (add_net SDA)
  )

  (module arduino-kicad-library:Arduino_Nano_Socket (layer F.Cu) (tedit 5B61D4BD) (tstamp 5B8A76F0)
    (at 56 85.5 270)
    (descr https://store.arduino.cc/arduino-nano)
    (path /5B64077C)
    (fp_text reference XA1 (at -5.25 -1.75) (layer F.SilkS)
      (effects (font (size 1 1) (thickness 0.15)))
    )
    (fp_text value Arduino_Nano_Socket (at 0 -21.082) (layer F.Fab)
      (effects (font (size 1 1) (thickness 0.15)))
    )
    (fp_text user USB (at 0 0.635 270) (layer F.SilkS)
      (effects (font (size 0.5 0.5) (thickness 0.075)))
    )
    (fp_text user 3.3V (at 6.35 -6.35) (layer F.SilkS)
      (effects (font (size 0.5 0.5) (thickness 0.075)))
    )
    (fp_text user ICSP (at 0 -40.64 270) (layer F.Fab)
      (effects (font (size 1 1) (thickness 0.15)))
    )
    (fp_circle (center 0 -39.37) (end 0.508 -39.37) (layer F.Fab) (width 0.15))
    (fp_circle (center 2.54 -39.37) (end 3.048 -39.37) (layer F.Fab) (width 0.15))
    (fp_circle (center 2.54 -41.91) (end 3.048 -41.91) (layer F.Fab) (width 0.15))
    (fp_circle (center -2.54 -39.37) (end -2.032 -39.37) (layer F.Fab) (width 0.15))
    (fp_circle (center 0 -41.91) (end 0.508 -41.91) (layer F.Fab) (width 0.15))
    (fp_circle (center -2.54 -41.91) (end -2.032 -41.91) (layer F.Fab) (width 0.15))
    (fp_line (start -3.302 1.778) (end -9.144 1.778) (layer F.CrtYd) (width 0.15))
    (fp_line (start -9.144 1.778) (end -9.144 -22.606) (layer F.CrtYd) (width 0.15))
    (fp_line (start -9.144 -22.606) (end -9.144 -43.434) (layer F.CrtYd) (width 0.15))
    (fp_line (start -9.144 -43.434) (end 9.144 -43.434) (layer F.CrtYd) (width 0.15))
    (fp_line (start 9.144 -43.434) (end 9.144 1.778) (layer F.CrtYd) (width 0.15))
    (fp_line (start 9.144 1.778) (end -3.302 1.778) (layer F.CrtYd) (width 0.15))
    (fp_line (start -4.064 0) (end -4.064 1.45) (layer F.SilkS) (width 0.15))
    (fp_line (start -4.064 1.45) (end 4.064 1.45) (layer F.SilkS) (width 0.15))
    (fp_line (start 4.064 1.45) (end 4.064 0) (layer F.SilkS) (width 0.15))
    (fp_line (start -8.89 -43.18) (end 8.89 -43.18) (layer F.SilkS) (width 0.15))
    (fp_line (start -8.89 0) (end 8.89 0) (layer F.SilkS) (width 0.15))
    (fp_line (start 8.89 -43.18) (end 8.89 0) (layer F.SilkS) (width 0.15))
    (fp_line (start -8.89 -43.18) (end -8.89 0) (layer F.SilkS) (width 0.15))
    (pad VIN thru_hole circle (at 7.62 -39.37 270) (size 1.7272 1.7272) (drill 1.016) (layers *.Cu *.Mask))
    (pad GND2 thru_hole circle (at 7.62 -36.83 270) (size 1.7272 1.7272) (drill 1.016) (layers *.Cu *.Mask)
      (net 12 GND))
    (pad RST2 thru_hole circle (at 7.62 -34.29 270) (size 1.7272 1.7272) (drill 1.016) (layers *.Cu *.Mask))
    (pad 5V thru_hole circle (at 7.62 -31.75 270) (size 1.7272 1.7272) (drill 1.016) (layers *.Cu *.Mask))
    (pad A7 thru_hole circle (at 7.62 -29.21 270) (size 1.7272 1.7272) (drill 1.016) (layers *.Cu *.Mask))
    (pad A6 thru_hole circle (at 7.62 -26.67 270) (size 1.7272 1.7272) (drill 1.016) (layers *.Cu *.Mask))
    (pad A5 thru_hole circle (at 7.62 -24.13 270) (size 1.7272 1.7272) (drill 1.016) (layers *.Cu *.Mask)
      (net 10 SCL))
    (pad A4 thru_hole circle (at 7.62 -21.59 270) (size 1.7272 1.7272) (drill 1.016) (layers *.Cu *.Mask)
      (net 11 SDA))
    (pad A3 thru_hole circle (at 7.62 -19.05 270) (size 1.7272 1.7272) (drill 1.016) (layers *.Cu *.Mask))
    (pad A2 thru_hole circle (at 7.62 -16.51 270) (size 1.7272 1.7272) (drill 1.016) (layers *.Cu *.Mask))
    (pad A1 thru_hole circle (at 7.62 -13.97 270) (size 1.7272 1.7272) (drill 1.016) (layers *.Cu *.Mask))
    (pad A0 thru_hole circle (at 7.62 -11.43 270) (size 1.7272 1.7272) (drill 1.016) (layers *.Cu *.Mask))
    (pad AREF thru_hole circle (at 7.62 -8.89 270) (size 1.7272 1.7272) (drill 1.016) (layers *.Cu *.Mask))
    (pad 3V3 thru_hole circle (at 7.62 -6.35 270) (size 1.7272 1.7272) (drill 1.016) (layers *.Cu *.Mask)
      (net 3 +3V3))
    (pad D13 thru_hole circle (at 7.62 -3.81 270) (size 1.7272 1.7272) (drill 1.016) (layers *.Cu *.Mask))
    (pad D12 thru_hole circle (at -7.62 -3.81 270) (size 1.7272 1.7272) (drill 1.016) (layers *.Cu *.Mask))
    (pad D11 thru_hole circle (at -7.62 -6.35 270) (size 1.7272 1.7272) (drill 1.016) (layers *.Cu *.Mask))
    (pad D10 thru_hole circle (at -7.62 -8.89 270) (size 1.7272 1.7272) (drill 1.016) (layers *.Cu *.Mask))
    (pad D9 thru_hole circle (at -7.62 -11.43 270) (size 1.7272 1.7272) (drill 1.016) (layers *.Cu *.Mask)
      (net 20 DP))
    (pad D8 thru_hole circle (at -7.62 -13.97 270) (size 1.7272 1.7272) (drill 1.016) (layers *.Cu *.Mask)
      (net 19 G))
    (pad D7 thru_hole circle (at -7.62 -16.51 270) (size 1.7272 1.7272) (drill 1.016) (layers *.Cu *.Mask)
      (net 18 F))
    (pad D6 thru_hole circle (at -7.62 -19.05 270) (size 1.7272 1.7272) (drill 1.016) (layers *.Cu *.Mask)
      (net 17 E))
    (pad D5 thru_hole circle (at -7.62 -21.59 270) (size 1.7272 1.7272) (drill 1.016) (layers *.Cu *.Mask)
      (net 16 D))
    (pad D4 thru_hole circle (at -7.62 -24.13 270) (size 1.7272 1.7272) (drill 1.016) (layers *.Cu *.Mask)
      (net 15 C))
    (pad D3 thru_hole circle (at -7.62 -26.67 270) (size 1.7272 1.7272) (drill 1.016) (layers *.Cu *.Mask)
      (net 14 B))
    (pad D2 thru_hole circle (at -7.62 -29.21 270) (size 1.7272 1.7272) (drill 1.016) (layers *.Cu *.Mask)
      (net 13 A))
    (pad GND1 thru_hole circle (at -7.62 -31.75 270) (size 1.7272 1.7272) (drill 1.016) (layers *.Cu *.Mask)
      (net 12 GND))
    (pad RST1 thru_hole circle (at -7.62 -34.29 270) (size 1.7272 1.7272) (drill 1.016) (layers *.Cu *.Mask))
    (pad D0 thru_hole circle (at -7.62 -36.83 270) (size 1.7272 1.7272) (drill 1.016) (layers *.Cu *.Mask))
    (pad D1 thru_hole rect (at -7.62 -39.37 270) (size 1.7272 1.7272) (drill 1.016) (layers *.Cu *.Mask))
    (pad "" np_thru_hole circle (at -7.62 -41.91 270) (size 1.85 1.85) (drill 1.85) (layers *.Cu *.Mask))
    (pad "" np_thru_hole circle (at 7.62 -41.91 270) (size 1.85 1.85) (drill 1.85) (layers *.Cu *.Mask))
    (pad "" np_thru_hole circle (at -7.62 -1.27 270) (size 1.85 1.85) (drill 1.85) (layers *.Cu *.Mask))
    (pad "" np_thru_hole circle (at 7.62 -1.27 270) (size 1.85 1.85) (drill 1.85) (layers *.Cu *.Mask))
  )

  (module lib:VIA-0.6mm (layer F.Cu) (tedit 5B61D094) (tstamp 5BB36A55)
    (at 65.25 80)
    (fp_text reference REF** (at 0 1.27) (layer F.SilkS) hide
      (effects (font (size 1 1) (thickness 0.15)))
    )
    (fp_text value VIA-0.6mm (at 0 -1.27) (layer F.Fab) hide
      (effects (font (size 1 1) (thickness 0.15)))
    )
    (pad 1 thru_hole circle (at 0 0) (size 0.6 0.6) (drill 0.3) (layers *.Cu)
      (net 12 GND) (zone_connect 2))
  )

  (module lib:VIA-0.6mm (layer F.Cu) (tedit 5B61D094) (tstamp 5BB36A50)
    (at 64.25 75)
    (fp_text reference REF** (at 0 1.27) (layer F.SilkS) hide
      (effects (font (size 1 1) (thickness 0.15)))
    )
    (fp_text value VIA-0.6mm (at 0 -1.27) (layer F.Fab) hide
      (effects (font (size 1 1) (thickness 0.15)))
    )
    (pad 1 thru_hole circle (at 0 0) (size 0.6 0.6) (drill 0.3) (layers *.Cu)
      (net 12 GND) (zone_connect 2))
  )

  (module lib:VIA-0.6mm (layer F.Cu) (tedit 5B61D094) (tstamp 5BB36A4A)
    (at 86.25 75.25)
    (fp_text reference REF** (at 0 1.27) (layer F.SilkS) hide
      (effects (font (size 1 1) (thickness 0.15)))
    )
    (fp_text value VIA-0.6mm (at 0 -1.27) (layer F.Fab) hide
      (effects (font (size 1 1) (thickness 0.15)))
    )
    (pad 1 thru_hole circle (at 0 0) (size 0.6 0.6) (drill 0.3) (layers *.Cu)
      (net 12 GND) (zone_connect 2))
  )

  (module lib:VIA-0.6mm (layer F.Cu) (tedit 5B61D094) (tstamp 5BB36A45)
    (at 97.75 80.75)
    (fp_text reference REF** (at 0 1.27) (layer F.SilkS) hide
      (effects (font (size 1 1) (thickness 0.15)))
    )
    (fp_text value VIA-0.6mm (at 0 -1.27) (layer F.Fab) hide
      (effects (font (size 1 1) (thickness 0.15)))
    )
    (pad 1 thru_hole circle (at 0 0) (size 0.6 0.6) (drill 0.3) (layers *.Cu)
      (net 12 GND) (zone_connect 2))
  )

  (module lib:VIA-0.6mm (layer F.Cu) (tedit 5B61D094) (tstamp 5BB36A3F)
    (at 98.25 75.25)
    (fp_text reference REF** (at 0 1.27) (layer F.SilkS) hide
      (effects (font (size 1 1) (thickness 0.15)))
    )
    (fp_text value VIA-0.6mm (at 0 -1.27) (layer F.Fab) hide
      (effects (font (size 1 1) (thickness 0.15)))
    )
    (pad 1 thru_hole circle (at 0 0) (size 0.6 0.6) (drill 0.3) (layers *.Cu)
      (net 12 GND) (zone_connect 2))
  )

  (module lib:VIA-0.6mm (layer F.Cu) (tedit 5B61D094) (tstamp 5BB36A39)
    (at 115.5 78.75)
    (fp_text reference REF** (at 0 1.27) (layer F.SilkS) hide
      (effects (font (size 1 1) (thickness 0.15)))
    )
    (fp_text value VIA-0.6mm (at 0 -1.27) (layer F.Fab) hide
      (effects (font (size 1 1) (thickness 0.15)))
    )
    (pad 1 thru_hole circle (at 0 0) (size 0.6 0.6) (drill 0.3) (layers *.Cu)
      (net 12 GND) (zone_connect 2))
  )

  (module lib:VIA-0.6mm (layer F.Cu) (tedit 5B61D094) (tstamp 5BB36A34)
    (at 112.75 85.75)
    (fp_text reference REF** (at 0 1.27) (layer F.SilkS) hide
      (effects (font (size 1 1) (thickness 0.15)))
    )
    (fp_text value VIA-0.6mm (at 0 -1.27) (layer F.Fab) hide
      (effects (font (size 1 1) (thickness 0.15)))
    )
    (pad 1 thru_hole circle (at 0 0) (size 0.6 0.6) (drill 0.3) (layers *.Cu)
      (net 12 GND) (zone_connect 2))
  )

  (module lib:VIA-0.6mm (layer F.Cu) (tedit 5B61D094) (tstamp 5BB36A2B)
    (at 79.5 97.5)
    (fp_text reference REF** (at 0 1.27) (layer F.SilkS) hide
      (effects (font (size 1 1) (thickness 0.15)))
    )
    (fp_text value VIA-0.6mm (at 0 -1.27) (layer F.Fab) hide
      (effects (font (size 1 1) (thickness 0.15)))
    )
    (pad 1 thru_hole circle (at 0 0) (size 0.6 0.6) (drill 0.3) (layers *.Cu)
      (net 12 GND) (zone_connect 2))
  )

  (module lib:VIA-0.6mm (layer F.Cu) (tedit 5B61D094) (tstamp 5BB36A26)
    (at 88 82.5)
    (fp_text reference REF** (at 0 1.27) (layer F.SilkS) hide
      (effects (font (size 1 1) (thickness 0.15)))
    )
    (fp_text value VIA-0.6mm (at 0 -1.27) (layer F.Fab) hide
      (effects (font (size 1 1) (thickness 0.15)))
    )
    (pad 1 thru_hole circle (at 0 0) (size 0.6 0.6) (drill 0.3) (layers *.Cu)
      (net 12 GND) (zone_connect 2))
  )

  (module lib:VIA-0.6mm (layer F.Cu) (tedit 5B61D094) (tstamp 5BB36A1E)
    (at 65.25 97.75)
    (fp_text reference REF** (at 0 1.27) (layer F.SilkS) hide
      (effects (font (size 1 1) (thickness 0.15)))
    )
    (fp_text value VIA-0.6mm (at 0 -1.27) (layer F.Fab) hide
      (effects (font (size 1 1) (thickness 0.15)))
    )
    (pad 1 thru_hole circle (at 0 0) (size 0.6 0.6) (drill 0.3) (layers *.Cu)
      (net 12 GND) (zone_connect 2))
  )

  (module lib:VIA-0.6mm (layer F.Cu) (tedit 5B61D094) (tstamp 5BB36A19)
    (at 70.5 89)
    (fp_text reference REF** (at 0 1.27) (layer F.SilkS) hide
      (effects (font (size 1 1) (thickness 0.15)))
    )
    (fp_text value VIA-0.6mm (at 0 -1.27) (layer F.Fab) hide
      (effects (font (size 1 1) (thickness 0.15)))
    )
    (pad 1 thru_hole circle (at 0 0) (size 0.6 0.6) (drill 0.3) (layers *.Cu)
      (net 12 GND) (zone_connect 2))
  )

  (module Connector_Wire:SolderWirePad_1x01_Drill2.5mm (layer F.Cu) (tedit 5AEE5EC9) (tstamp 5B9F8D2B)
    (at 118.5 98.75)
    (descr "Wire solder connection")
    (tags connector)
    (attr virtual)
    (fp_text reference REF** (at 0 -5.08) (layer F.SilkS) hide
      (effects (font (size 1 1) (thickness 0.15)))
    )
    (fp_text value SolderWirePad_1x01_Drill2.5mm (at 0 5.08) (layer F.Fab) hide
      (effects (font (size 1 1) (thickness 0.15)))
    )
    (fp_text user %R (at 0 0) (layer F.Fab) hide
      (effects (font (size 1 1) (thickness 0.15)))
    )
    (fp_line (start -3.5 -3.5) (end 3.5 -3.5) (layer F.CrtYd) (width 0.05))
    (fp_line (start -3.5 -3.5) (end -3.5 3.5) (layer F.CrtYd) (width 0.05))
    (fp_line (start 3.5 3.5) (end 3.5 -3.5) (layer F.CrtYd) (width 0.05))
    (fp_line (start 3.5 3.5) (end -3.5 3.5) (layer F.CrtYd) (width 0.05))
    (pad 1 thru_hole circle (at 0 0) (size 5.99948 5.99948) (drill 2.49936) (layers *.Cu *.Mask))
  )

  (module Connector_Wire:SolderWirePad_1x01_Drill2.5mm (layer F.Cu) (tedit 5AEE5EC9) (tstamp 5B9F8D21)
    (at 118.5 72.25)
    (descr "Wire solder connection")
    (tags connector)
    (attr virtual)
    (fp_text reference REF** (at 0 -5.08) (layer F.SilkS) hide
      (effects (font (size 1 1) (thickness 0.15)))
    )
    (fp_text value SolderWirePad_1x01_Drill2.5mm (at 0 5.08) (layer F.Fab) hide
      (effects (font (size 1 1) (thickness 0.15)))
    )
    (fp_line (start 3.5 3.5) (end -3.5 3.5) (layer F.CrtYd) (width 0.05))
    (fp_line (start 3.5 3.5) (end 3.5 -3.5) (layer F.CrtYd) (width 0.05))
    (fp_line (start -3.5 -3.5) (end -3.5 3.5) (layer F.CrtYd) (width 0.05))
    (fp_line (start -3.5 -3.5) (end 3.5 -3.5) (layer F.CrtYd) (width 0.05))
    (fp_text user %R (at 0 0) (layer F.Fab) hide
      (effects (font (size 1 1) (thickness 0.15)))
    )
    (pad 1 thru_hole circle (at 0 0) (size 5.99948 5.99948) (drill 2.49936) (layers *.Cu *.Mask))
  )

  (module Connector_Wire:SolderWirePad_1x01_Drill2.5mm (layer F.Cu) (tedit 5AEE5EC9) (tstamp 5B9F8D16)
    (at 59.75 72.25)
    (descr "Wire solder connection")
    (tags connector)
    (attr virtual)
    (fp_text reference REF** (at 0 -5.08) (layer F.SilkS) hide
      (effects (font (size 1 1) (thickness 0.15)))
    )
    (fp_text value SolderWirePad_1x01_Drill2.5mm (at 0 5.08) (layer F.Fab) hide
      (effects (font (size 1 1) (thickness 0.15)))
    )
    (fp_text user %R (at 0 0) (layer F.Fab) hide
      (effects (font (size 1 1) (thickness 0.15)))
    )
    (fp_line (start -3.5 -3.5) (end 3.5 -3.5) (layer F.CrtYd) (width 0.05))
    (fp_line (start -3.5 -3.5) (end -3.5 3.5) (layer F.CrtYd) (width 0.05))
    (fp_line (start 3.5 3.5) (end 3.5 -3.5) (layer F.CrtYd) (width 0.05))
    (fp_line (start 3.5 3.5) (end -3.5 3.5) (layer F.CrtYd) (width 0.05))
    (pad 1 thru_hole circle (at 0 0) (size 5.99948 5.99948) (drill 2.49936) (layers *.Cu *.Mask))
  )

  (module Display_7Segment:7SegmentLED_LTS6760_LTS6780 (layer F.Cu) (tedit 5B61D4C9) (tstamp 5B8A7625)
    (at 102.25 93.25 90)
    (descr "7-Segment Display, LTS67x0")
    (tags "7Segment LED LTS6760 LTS6780")
    (path /5B6409BE)
    (fp_text reference AFF1 (at -3.25 0 180) (layer F.SilkS)
      (effects (font (size 1 1) (thickness 0.15)))
    )
    (fp_text value LTS-6960HR (at 7.62 12.58 90) (layer F.Fab) hide
      (effects (font (size 1 1) (thickness 0.15)))
    )
    (fp_line (start -1.88 -0.17) (end -1.88 11.33) (layer F.Fab) (width 0.1))
    (fp_line (start -0.88 -1.17) (end -1.88 -0.17) (layer F.Fab) (width 0.1))
    (fp_line (start 17.12 -1.17) (end -0.88 -1.17) (layer F.Fab) (width 0.1))
    (fp_line (start 17.12 11.33) (end 17.12 -1.17) (layer F.Fab) (width 0.1))
    (fp_line (start -1.88 11.33) (end 17.12 11.33) (layer F.Fab) (width 0.1))
    (fp_circle (center 2.62 9.08) (end 2.42 9.48) (layer F.SilkS) (width 0.15))
    (fp_line (start 17.22 -1.22) (end 17.22 11.38) (layer F.SilkS) (width 0.15))
    (fp_line (start 13.32 11.38) (end 1.92 11.38) (layer F.SilkS) (width 0.15))
    (fp_line (start 13.32 -1.22) (end 1.92 -1.22) (layer F.SilkS) (width 0.15))
    (fp_line (start -1.98 11.38) (end -1.98 -1.22) (layer F.SilkS) (width 0.15))
    (fp_line (start 12.62 2.08) (end 12.62 9.08) (layer F.SilkS) (width 0.15))
    (fp_line (start 7.62 8.08) (end 7.62 1.08) (layer F.SilkS) (width 0.15))
    (fp_line (start 12.62 9.08) (end 7.62 8.08) (layer F.SilkS) (width 0.15))
    (fp_line (start 2.62 7.08) (end 7.62 8.08) (layer F.SilkS) (width 0.15))
    (fp_line (start 2.62 0.08) (end 2.62 7.08) (layer F.SilkS) (width 0.15))
    (fp_line (start 7.62 1.08) (end 2.62 0.08) (layer F.SilkS) (width 0.15))
    (fp_line (start 12.62 2.08) (end 7.62 1.08) (layer F.SilkS) (width 0.15))
    (fp_text user %R (at 7.87 5.08 90) (layer F.Fab)
      (effects (font (size 1 1) (thickness 0.15)))
    )
    (fp_line (start 17.62 -1.67) (end 17.62 11.83) (layer F.CrtYd) (width 0.05))
    (fp_line (start 17.62 11.83) (end -2.38 11.83) (layer F.CrtYd) (width 0.05))
    (fp_line (start -2.38 11.83) (end -2.38 -1.67) (layer F.CrtYd) (width 0.05))
    (fp_line (start -2.38 -1.67) (end 17.62 -1.67) (layer F.CrtYd) (width 0.05))
    (pad 10 thru_hole oval (at 15.24 0) (size 1.524 2.524) (drill 0.8) (layers *.Cu *.Mask)
      (net 1 "Net-(AFF1-Pad10)"))
    (pad 9 thru_hole oval (at 15.24 2.54) (size 1.524 2.524) (drill 0.8) (layers *.Cu *.Mask)
      (net 2 "Net-(AFF1-Pad9)"))
    (pad 8 thru_hole oval (at 15.24 5.08) (size 1.524 2.524) (drill 0.8) (layers *.Cu *.Mask)
      (net 3 +3V3))
    (pad 7 thru_hole oval (at 15.24 7.62) (size 1.524 2.524) (drill 0.8) (layers *.Cu *.Mask)
      (net 4 "Net-(AFF1-Pad7)"))
    (pad 6 thru_hole oval (at 15.24 10.16) (size 1.524 2.524) (drill 0.8) (layers *.Cu *.Mask)
      (net 5 "Net-(AFF1-Pad6)"))
    (pad 5 thru_hole oval (at 0 10.16) (size 1.524 2.524) (drill 0.8) (layers *.Cu *.Mask)
      (net 6 "Net-(AFF1-Pad5)"))
    (pad 4 thru_hole oval (at 0 7.62) (size 1.524 2.524) (drill 0.8) (layers *.Cu *.Mask)
      (net 7 "Net-(AFF1-Pad4)"))
    (pad 3 thru_hole oval (at 0 5.08) (size 1.524 2.524) (drill 0.8) (layers *.Cu *.Mask)
      (net 3 +3V3))
    (pad 2 thru_hole oval (at 0 2.54) (size 1.524 2.524) (drill 0.8) (layers *.Cu *.Mask)
      (net 8 "Net-(AFF1-Pad2)"))
    (pad 1 thru_hole rect (at 0 0) (size 1.524 2.524) (drill 0.8) (layers *.Cu *.Mask)
      (net 9 "Net-(AFF1-Pad1)"))
    (model ${KISYS3DMOD}/Display_7Segment.3dshapes/7SegmentLED_LTS6760_LTS6780.wrl
      (at (xyz 0 0 0))
      (scale (xyz 1 1 1))
      (rotate (xyz 0 0 0))
    )
  )

  (module Connector_PinHeader_2.54mm:PinHeader_1x03_P2.54mm_Vertical (layer F.Cu) (tedit 5B61D4D8) (tstamp 5B8A763C)
    (at 117.5 87.5 180)
    (descr "Through hole straight pin header, 1x03, 2.54mm pitch, single row")
    (tags "Through hole pin header THT 1x03 2.54mm single row")
    (path /5B646462)
    (fp_text reference J1 (at 0 -2.75 180) (layer F.SilkS)
      (effects (font (size 1 1) (thickness 0.15)))
    )
    (fp_text value Conn_01x03 (at 0 7.41 180) (layer F.Fab) hide
      (effects (font (size 1 1) (thickness 0.15)))
    )
    (fp_line (start -0.635 -1.27) (end 1.27 -1.27) (layer F.Fab) (width 0.1))
    (fp_line (start 1.27 -1.27) (end 1.27 6.35) (layer F.Fab) (width 0.1))
    (fp_line (start 1.27 6.35) (end -1.27 6.35) (layer F.Fab) (width 0.1))
    (fp_line (start -1.27 6.35) (end -1.27 -0.635) (layer F.Fab) (width 0.1))
    (fp_line (start -1.27 -0.635) (end -0.635 -1.27) (layer F.Fab) (width 0.1))
    (fp_line (start -1.33 6.41) (end 1.33 6.41) (layer F.SilkS) (width 0.12))
    (fp_line (start -1.33 1.27) (end -1.33 6.41) (layer F.SilkS) (width 0.12))
    (fp_line (start 1.33 1.27) (end 1.33 6.41) (layer F.SilkS) (width 0.12))
    (fp_line (start -1.33 1.27) (end 1.33 1.27) (layer F.SilkS) (width 0.12))
    (fp_line (start -1.33 0) (end -1.33 -1.33) (layer F.SilkS) (width 0.12))
    (fp_line (start -1.33 -1.33) (end 0 -1.33) (layer F.SilkS) (width 0.12))
    (fp_line (start -1.8 -1.8) (end -1.8 6.85) (layer F.CrtYd) (width 0.05))
    (fp_line (start -1.8 6.85) (end 1.8 6.85) (layer F.CrtYd) (width 0.05))
    (fp_line (start 1.8 6.85) (end 1.8 -1.8) (layer F.CrtYd) (width 0.05))
    (fp_line (start 1.8 -1.8) (end -1.8 -1.8) (layer F.CrtYd) (width 0.05))
    (fp_text user %R (at 0 2.54 270) (layer F.Fab)
      (effects (font (size 1 1) (thickness 0.15)))
    )
    (pad 1 thru_hole rect (at 0 0 180) (size 1.7 1.7) (drill 1) (layers *.Cu *.Mask)
      (net 10 SCL))
    (pad 2 thru_hole oval (at 0 2.54 180) (size 1.7 1.7) (drill 1) (layers *.Cu *.Mask)
      (net 11 SDA))
    (pad 3 thru_hole oval (at 0 5.08 180) (size 1.7 1.7) (drill 1) (layers *.Cu *.Mask)
      (net 12 GND))
    (model ${KISYS3DMOD}/Connector_PinHeader_2.54mm.3dshapes/PinHeader_1x03_P2.54mm_Vertical.wrl
      (at (xyz 0 0 0))
      (scale (xyz 1 1 1))
      (rotate (xyz 0 0 0))
    )
  )

  (module Resistor_SMD:R_0805_2012Metric (layer F.Cu) (tedit 5B61CACD) (tstamp 5B8B3746)
    (at 85.25 81.75 90)
    (descr "Resistor SMD 0805 (2012 Metric), square (rectangular) end terminal, IPC_7351 nominal, (Body size source: https://docs.google.com/spreadsheets/d/1BsfQQcO9C6DZCsRaXUlFlo91Tg2WpOkGARC1WS5S8t0/edit?usp=sharing), generated with kicad-footprint-generator")
    (tags resistor)
    (path /5B640A63)
    (attr smd)
    (fp_text reference R1 (at -3 0.25 180) (layer F.SilkS)
      (effects (font (size 1 1) (thickness 0.15)))
    )
    (fp_text value 270 (at 0 1.65 90) (layer F.Fab) hide
      (effects (font (size 1 1) (thickness 0.15)))
    )
    (fp_line (start -1 0.6) (end -1 -0.6) (layer F.Fab) (width 0.1))
    (fp_line (start -1 -0.6) (end 1 -0.6) (layer F.Fab) (width 0.1))
    (fp_line (start 1 -0.6) (end 1 0.6) (layer F.Fab) (width 0.1))
    (fp_line (start 1 0.6) (end -1 0.6) (layer F.Fab) (width 0.1))
    (fp_line (start -0.258578 -0.71) (end 0.258578 -0.71) (layer F.SilkS) (width 0.12))
    (fp_line (start -0.258578 0.71) (end 0.258578 0.71) (layer F.SilkS) (width 0.12))
    (fp_line (start -1.68 0.95) (end -1.68 -0.95) (layer F.CrtYd) (width 0.05))
    (fp_line (start -1.68 -0.95) (end 1.68 -0.95) (layer F.CrtYd) (width 0.05))
    (fp_line (start 1.68 -0.95) (end 1.68 0.95) (layer F.CrtYd) (width 0.05))
    (fp_line (start 1.68 0.95) (end -1.68 0.95) (layer F.CrtYd) (width 0.05))
    (fp_text user %R (at 0 0 90) (layer F.Fab)
      (effects (font (size 0.5 0.5) (thickness 0.08)))
    )
    (pad 1 smd roundrect (at -0.9375 0 90) (size 0.975 1.4) (layers F.Cu F.Paste F.Mask) (roundrect_rratio 0.25)
      (net 4 "Net-(AFF1-Pad7)"))
    (pad 2 smd roundrect (at 0.9375 0 90) (size 0.975 1.4) (layers F.Cu F.Paste F.Mask) (roundrect_rratio 0.25)
      (net 13 A))
    (model ${KISYS3DMOD}/Resistor_SMD.3dshapes/R_0805_2012Metric.wrl
      (at (xyz 0 0 0))
      (scale (xyz 1 1 1))
      (rotate (xyz 0 0 0))
    )
  )

  (module Resistor_SMD:R_0805_2012Metric (layer F.Cu) (tedit 5B61CAD3) (tstamp 5B8B3757)
    (at 82.75 81.75 90)
    (descr "Resistor SMD 0805 (2012 Metric), square (rectangular) end terminal, IPC_7351 nominal, (Body size source: https://docs.google.com/spreadsheets/d/1BsfQQcO9C6DZCsRaXUlFlo91Tg2WpOkGARC1WS5S8t0/edit?usp=sharing), generated with kicad-footprint-generator")
    (tags resistor)
    (path /5B640BB4)
    (attr smd)
    (fp_text reference R2 (at -3 0.25 180) (layer F.SilkS)
      (effects (font (size 1 1) (thickness 0.15)))
    )
    (fp_text value 270 (at 0 1.65 90) (layer F.Fab) hide
      (effects (font (size 1 1) (thickness 0.15)))
    )
    (fp_text user %R (at 0 0 90) (layer F.Fab)
      (effects (font (size 0.5 0.5) (thickness 0.08)))
    )
    (fp_line (start 1.68 0.95) (end -1.68 0.95) (layer F.CrtYd) (width 0.05))
    (fp_line (start 1.68 -0.95) (end 1.68 0.95) (layer F.CrtYd) (width 0.05))
    (fp_line (start -1.68 -0.95) (end 1.68 -0.95) (layer F.CrtYd) (width 0.05))
    (fp_line (start -1.68 0.95) (end -1.68 -0.95) (layer F.CrtYd) (width 0.05))
    (fp_line (start -0.258578 0.71) (end 0.258578 0.71) (layer F.SilkS) (width 0.12))
    (fp_line (start -0.258578 -0.71) (end 0.258578 -0.71) (layer F.SilkS) (width 0.12))
    (fp_line (start 1 0.6) (end -1 0.6) (layer F.Fab) (width 0.1))
    (fp_line (start 1 -0.6) (end 1 0.6) (layer F.Fab) (width 0.1))
    (fp_line (start -1 -0.6) (end 1 -0.6) (layer F.Fab) (width 0.1))
    (fp_line (start -1 0.6) (end -1 -0.6) (layer F.Fab) (width 0.1))
    (pad 2 smd roundrect (at 0.9375 0 90) (size 0.975 1.4) (layers F.Cu F.Paste F.Mask) (roundrect_rratio 0.25)
      (net 14 B))
    (pad 1 smd roundrect (at -0.9375 0 90) (size 0.975 1.4) (layers F.Cu F.Paste F.Mask) (roundrect_rratio 0.25)
      (net 5 "Net-(AFF1-Pad6)"))
    (model ${KISYS3DMOD}/Resistor_SMD.3dshapes/R_0805_2012Metric.wrl
      (at (xyz 0 0 0))
      (scale (xyz 1 1 1))
      (rotate (xyz 0 0 0))
    )
  )

  (module Resistor_SMD:R_0805_2012Metric (layer F.Cu) (tedit 5B61CADB) (tstamp 5B8B3768)
    (at 80.25 81.75 90)
    (descr "Resistor SMD 0805 (2012 Metric), square (rectangular) end terminal, IPC_7351 nominal, (Body size source: https://docs.google.com/spreadsheets/d/1BsfQQcO9C6DZCsRaXUlFlo91Tg2WpOkGARC1WS5S8t0/edit?usp=sharing), generated with kicad-footprint-generator")
    (tags resistor)
    (path /5B640BF4)
    (attr smd)
    (fp_text reference R3 (at -3 0.25 180) (layer F.SilkS)
      (effects (font (size 1 1) (thickness 0.15)))
    )
    (fp_text value 270 (at 0 1.65 90) (layer F.Fab) hide
      (effects (font (size 1 1) (thickness 0.15)))
    )
    (fp_line (start -1 0.6) (end -1 -0.6) (layer F.Fab) (width 0.1))
    (fp_line (start -1 -0.6) (end 1 -0.6) (layer F.Fab) (width 0.1))
    (fp_line (start 1 -0.6) (end 1 0.6) (layer F.Fab) (width 0.1))
    (fp_line (start 1 0.6) (end -1 0.6) (layer F.Fab) (width 0.1))
    (fp_line (start -0.258578 -0.71) (end 0.258578 -0.71) (layer F.SilkS) (width 0.12))
    (fp_line (start -0.258578 0.71) (end 0.258578 0.71) (layer F.SilkS) (width 0.12))
    (fp_line (start -1.68 0.95) (end -1.68 -0.95) (layer F.CrtYd) (width 0.05))
    (fp_line (start -1.68 -0.95) (end 1.68 -0.95) (layer F.CrtYd) (width 0.05))
    (fp_line (start 1.68 -0.95) (end 1.68 0.95) (layer F.CrtYd) (width 0.05))
    (fp_line (start 1.68 0.95) (end -1.68 0.95) (layer F.CrtYd) (width 0.05))
    (fp_text user %R (at 0 0 90) (layer F.Fab)
      (effects (font (size 0.5 0.5) (thickness 0.08)))
    )
    (pad 1 smd roundrect (at -0.9375 0 90) (size 0.975 1.4) (layers F.Cu F.Paste F.Mask) (roundrect_rratio 0.25)
      (net 7 "Net-(AFF1-Pad4)"))
    (pad 2 smd roundrect (at 0.9375 0 90) (size 0.975 1.4) (layers F.Cu F.Paste F.Mask) (roundrect_rratio 0.25)
      (net 15 C))
    (model ${KISYS3DMOD}/Resistor_SMD.3dshapes/R_0805_2012Metric.wrl
      (at (xyz 0 0 0))
      (scale (xyz 1 1 1))
      (rotate (xyz 0 0 0))
    )
  )

  (module Resistor_SMD:R_0805_2012Metric (layer F.Cu) (tedit 5B61CAE0) (tstamp 5B8B3779)
    (at 77.75 81.75 90)
    (descr "Resistor SMD 0805 (2012 Metric), square (rectangular) end terminal, IPC_7351 nominal, (Body size source: https://docs.google.com/spreadsheets/d/1BsfQQcO9C6DZCsRaXUlFlo91Tg2WpOkGARC1WS5S8t0/edit?usp=sharing), generated with kicad-footprint-generator")
    (tags resistor)
    (path /5B640C20)
    (attr smd)
    (fp_text reference R4 (at -3 0.25 180) (layer F.SilkS)
      (effects (font (size 1 1) (thickness 0.15)))
    )
    (fp_text value 270 (at 0 1.65 90) (layer F.Fab) hide
      (effects (font (size 1 1) (thickness 0.15)))
    )
    (fp_text user %R (at 0 0 90) (layer F.Fab)
      (effects (font (size 0.5 0.5) (thickness 0.08)))
    )
    (fp_line (start 1.68 0.95) (end -1.68 0.95) (layer F.CrtYd) (width 0.05))
    (fp_line (start 1.68 -0.95) (end 1.68 0.95) (layer F.CrtYd) (width 0.05))
    (fp_line (start -1.68 -0.95) (end 1.68 -0.95) (layer F.CrtYd) (width 0.05))
    (fp_line (start -1.68 0.95) (end -1.68 -0.95) (layer F.CrtYd) (width 0.05))
    (fp_line (start -0.258578 0.71) (end 0.258578 0.71) (layer F.SilkS) (width 0.12))
    (fp_line (start -0.258578 -0.71) (end 0.258578 -0.71) (layer F.SilkS) (width 0.12))
    (fp_line (start 1 0.6) (end -1 0.6) (layer F.Fab) (width 0.1))
    (fp_line (start 1 -0.6) (end 1 0.6) (layer F.Fab) (width 0.1))
    (fp_line (start -1 -0.6) (end 1 -0.6) (layer F.Fab) (width 0.1))
    (fp_line (start -1 0.6) (end -1 -0.6) (layer F.Fab) (width 0.1))
    (pad 2 smd roundrect (at 0.9375 0 90) (size 0.975 1.4) (layers F.Cu F.Paste F.Mask) (roundrect_rratio 0.25)
      (net 16 D))
    (pad 1 smd roundrect (at -0.9375 0 90) (size 0.975 1.4) (layers F.Cu F.Paste F.Mask) (roundrect_rratio 0.25)
      (net 8 "Net-(AFF1-Pad2)"))
    (model ${KISYS3DMOD}/Resistor_SMD.3dshapes/R_0805_2012Metric.wrl
      (at (xyz 0 0 0))
      (scale (xyz 1 1 1))
      (rotate (xyz 0 0 0))
    )
  )

  (module Resistor_SMD:R_0805_2012Metric (layer F.Cu) (tedit 5B61CAE4) (tstamp 5B8B378A)
    (at 75 81.75 90)
    (descr "Resistor SMD 0805 (2012 Metric), square (rectangular) end terminal, IPC_7351 nominal, (Body size source: https://docs.google.com/spreadsheets/d/1BsfQQcO9C6DZCsRaXUlFlo91Tg2WpOkGARC1WS5S8t0/edit?usp=sharing), generated with kicad-footprint-generator")
    (tags resistor)
    (path /5B640C5C)
    (attr smd)
    (fp_text reference R5 (at -3 0.25 180) (layer F.SilkS)
      (effects (font (size 1 1) (thickness 0.15)))
    )
    (fp_text value 270 (at 0 1.65 90) (layer F.Fab) hide
      (effects (font (size 1 1) (thickness 0.15)))
    )
    (fp_line (start -1 0.6) (end -1 -0.6) (layer F.Fab) (width 0.1))
    (fp_line (start -1 -0.6) (end 1 -0.6) (layer F.Fab) (width 0.1))
    (fp_line (start 1 -0.6) (end 1 0.6) (layer F.Fab) (width 0.1))
    (fp_line (start 1 0.6) (end -1 0.6) (layer F.Fab) (width 0.1))
    (fp_line (start -0.258578 -0.71) (end 0.258578 -0.71) (layer F.SilkS) (width 0.12))
    (fp_line (start -0.258578 0.71) (end 0.258578 0.71) (layer F.SilkS) (width 0.12))
    (fp_line (start -1.68 0.95) (end -1.68 -0.95) (layer F.CrtYd) (width 0.05))
    (fp_line (start -1.68 -0.95) (end 1.68 -0.95) (layer F.CrtYd) (width 0.05))
    (fp_line (start 1.68 -0.95) (end 1.68 0.95) (layer F.CrtYd) (width 0.05))
    (fp_line (start 1.68 0.95) (end -1.68 0.95) (layer F.CrtYd) (width 0.05))
    (fp_text user %R (at 0 0 90) (layer F.Fab)
      (effects (font (size 0.5 0.5) (thickness 0.08)))
    )
    (pad 1 smd roundrect (at -0.9375 0 90) (size 0.975 1.4) (layers F.Cu F.Paste F.Mask) (roundrect_rratio 0.25)
      (net 9 "Net-(AFF1-Pad1)"))
    (pad 2 smd roundrect (at 0.9375 0 90) (size 0.975 1.4) (layers F.Cu F.Paste F.Mask) (roundrect_rratio 0.25)
      (net 17 E))
    (model ${KISYS3DMOD}/Resistor_SMD.3dshapes/R_0805_2012Metric.wrl
      (at (xyz 0 0 0))
      (scale (xyz 1 1 1))
      (rotate (xyz 0 0 0))
    )
  )

  (module Resistor_SMD:R_0805_2012Metric (layer F.Cu) (tedit 5B61CAE9) (tstamp 5B8B379B)
    (at 72.5 81.75 90)
    (descr "Resistor SMD 0805 (2012 Metric), square (rectangular) end terminal, IPC_7351 nominal, (Body size source: https://docs.google.com/spreadsheets/d/1BsfQQcO9C6DZCsRaXUlFlo91Tg2WpOkGARC1WS5S8t0/edit?usp=sharing), generated with kicad-footprint-generator")
    (tags resistor)
    (path /5B640CAB)
    (attr smd)
    (fp_text reference R6 (at -3 0 180) (layer F.SilkS)
      (effects (font (size 1 1) (thickness 0.15)))
    )
    (fp_text value 270 (at 0 1.65 90) (layer F.Fab) hide
      (effects (font (size 1 1) (thickness 0.15)))
    )
    (fp_text user %R (at 0 0 90) (layer F.Fab)
      (effects (font (size 0.5 0.5) (thickness 0.08)))
    )
    (fp_line (start 1.68 0.95) (end -1.68 0.95) (layer F.CrtYd) (width 0.05))
    (fp_line (start 1.68 -0.95) (end 1.68 0.95) (layer F.CrtYd) (width 0.05))
    (fp_line (start -1.68 -0.95) (end 1.68 -0.95) (layer F.CrtYd) (width 0.05))
    (fp_line (start -1.68 0.95) (end -1.68 -0.95) (layer F.CrtYd) (width 0.05))
    (fp_line (start -0.258578 0.71) (end 0.258578 0.71) (layer F.SilkS) (width 0.12))
    (fp_line (start -0.258578 -0.71) (end 0.258578 -0.71) (layer F.SilkS) (width 0.12))
    (fp_line (start 1 0.6) (end -1 0.6) (layer F.Fab) (width 0.1))
    (fp_line (start 1 -0.6) (end 1 0.6) (layer F.Fab) (width 0.1))
    (fp_line (start -1 -0.6) (end 1 -0.6) (layer F.Fab) (width 0.1))
    (fp_line (start -1 0.6) (end -1 -0.6) (layer F.Fab) (width 0.1))
    (pad 2 smd roundrect (at 0.9375 0 90) (size 0.975 1.4) (layers F.Cu F.Paste F.Mask) (roundrect_rratio 0.25)
      (net 18 F))
    (pad 1 smd roundrect (at -0.9375 0 90) (size 0.975 1.4) (layers F.Cu F.Paste F.Mask) (roundrect_rratio 0.25)
      (net 2 "Net-(AFF1-Pad9)"))
    (model ${KISYS3DMOD}/Resistor_SMD.3dshapes/R_0805_2012Metric.wrl
      (at (xyz 0 0 0))
      (scale (xyz 1 1 1))
      (rotate (xyz 0 0 0))
    )
  )

  (module Resistor_SMD:R_0805_2012Metric (layer F.Cu) (tedit 5B61CAEF) (tstamp 5B8B37AC)
    (at 70 81.75 90)
    (descr "Resistor SMD 0805 (2012 Metric), square (rectangular) end terminal, IPC_7351 nominal, (Body size source: https://docs.google.com/spreadsheets/d/1BsfQQcO9C6DZCsRaXUlFlo91Tg2WpOkGARC1WS5S8t0/edit?usp=sharing), generated with kicad-footprint-generator")
    (tags resistor)
    (path /5B640D10)
    (attr smd)
    (fp_text reference R7 (at -3 0 180) (layer F.SilkS)
      (effects (font (size 1 1) (thickness 0.15)))
    )
    (fp_text value 270 (at 0 1.65 90) (layer F.Fab) hide
      (effects (font (size 1 1) (thickness 0.15)))
    )
    (fp_line (start -1 0.6) (end -1 -0.6) (layer F.Fab) (width 0.1))
    (fp_line (start -1 -0.6) (end 1 -0.6) (layer F.Fab) (width 0.1))
    (fp_line (start 1 -0.6) (end 1 0.6) (layer F.Fab) (width 0.1))
    (fp_line (start 1 0.6) (end -1 0.6) (layer F.Fab) (width 0.1))
    (fp_line (start -0.258578 -0.71) (end 0.258578 -0.71) (layer F.SilkS) (width 0.12))
    (fp_line (start -0.258578 0.71) (end 0.258578 0.71) (layer F.SilkS) (width 0.12))
    (fp_line (start -1.68 0.95) (end -1.68 -0.95) (layer F.CrtYd) (width 0.05))
    (fp_line (start -1.68 -0.95) (end 1.68 -0.95) (layer F.CrtYd) (width 0.05))
    (fp_line (start 1.68 -0.95) (end 1.68 0.95) (layer F.CrtYd) (width 0.05))
    (fp_line (start 1.68 0.95) (end -1.68 0.95) (layer F.CrtYd) (width 0.05))
    (fp_text user %R (at 0 0 90) (layer F.Fab)
      (effects (font (size 0.5 0.5) (thickness 0.08)))
    )
    (pad 1 smd roundrect (at -0.9375 0 90) (size 0.975 1.4) (layers F.Cu F.Paste F.Mask) (roundrect_rratio 0.25)
      (net 1 "Net-(AFF1-Pad10)"))
    (pad 2 smd roundrect (at 0.9375 0 90) (size 0.975 1.4) (layers F.Cu F.Paste F.Mask) (roundrect_rratio 0.25)
      (net 19 G))
    (model ${KISYS3DMOD}/Resistor_SMD.3dshapes/R_0805_2012Metric.wrl
      (at (xyz 0 0 0))
      (scale (xyz 1 1 1))
      (rotate (xyz 0 0 0))
    )
  )

  (module Resistor_SMD:R_0805_2012Metric (layer F.Cu) (tedit 5B61CAF3) (tstamp 5B8B37BD)
    (at 67.5 81.75 90)
    (descr "Resistor SMD 0805 (2012 Metric), square (rectangular) end terminal, IPC_7351 nominal, (Body size source: https://docs.google.com/spreadsheets/d/1BsfQQcO9C6DZCsRaXUlFlo91Tg2WpOkGARC1WS5S8t0/edit?usp=sharing), generated with kicad-footprint-generator")
    (tags resistor)
    (path /5B640EEC)
    (attr smd)
    (fp_text reference R8 (at -3 0 180) (layer F.SilkS)
      (effects (font (size 1 1) (thickness 0.15)))
    )
    (fp_text value 270 (at 0 1.65 90) (layer F.Fab) hide
      (effects (font (size 1 1) (thickness 0.15)))
    )
    (fp_text user %R (at 0 0 90) (layer F.Fab)
      (effects (font (size 0.5 0.5) (thickness 0.08)))
    )
    (fp_line (start 1.68 0.95) (end -1.68 0.95) (layer F.CrtYd) (width 0.05))
    (fp_line (start 1.68 -0.95) (end 1.68 0.95) (layer F.CrtYd) (width 0.05))
    (fp_line (start -1.68 -0.95) (end 1.68 -0.95) (layer F.CrtYd) (width 0.05))
    (fp_line (start -1.68 0.95) (end -1.68 -0.95) (layer F.CrtYd) (width 0.05))
    (fp_line (start -0.258578 0.71) (end 0.258578 0.71) (layer F.SilkS) (width 0.12))
    (fp_line (start -0.258578 -0.71) (end 0.258578 -0.71) (layer F.SilkS) (width 0.12))
    (fp_line (start 1 0.6) (end -1 0.6) (layer F.Fab) (width 0.1))
    (fp_line (start 1 -0.6) (end 1 0.6) (layer F.Fab) (width 0.1))
    (fp_line (start -1 -0.6) (end 1 -0.6) (layer F.Fab) (width 0.1))
    (fp_line (start -1 0.6) (end -1 -0.6) (layer F.Fab) (width 0.1))
    (pad 2 smd roundrect (at 0.9375 0 90) (size 0.975 1.4) (layers F.Cu F.Paste F.Mask) (roundrect_rratio 0.25)
      (net 20 DP))
    (pad 1 smd roundrect (at -0.9375 0 90) (size 0.975 1.4) (layers F.Cu F.Paste F.Mask) (roundrect_rratio 0.25)
      (net 6 "Net-(AFF1-Pad5)"))
    (model ${KISYS3DMOD}/Resistor_SMD.3dshapes/R_0805_2012Metric.wrl
      (at (xyz 0 0 0))
      (scale (xyz 1 1 1))
      (rotate (xyz 0 0 0))
    )
  )

  (module Connector_Wire:SolderWirePad_1x01_Drill2.5mm (layer F.Cu) (tedit 5AEE5EC9) (tstamp 5B9F8528)
    (at 59.75 98.75)
    (descr "Wire solder connection")
    (tags connector)
    (attr virtual)
    (fp_text reference REF** (at 0 -5.08) (layer F.SilkS) hide
      (effects (font (size 1 1) (thickness 0.15)))
    )
    (fp_text value SolderWirePad_1x01_Drill2.5mm (at 0 5.08) (layer F.Fab) hide
      (effects (font (size 1 1) (thickness 0.15)))
    )
    (fp_line (start 3.5 3.5) (end -3.5 3.5) (layer F.CrtYd) (width 0.05))
    (fp_line (start 3.5 3.5) (end 3.5 -3.5) (layer F.CrtYd) (width 0.05))
    (fp_line (start -3.5 -3.5) (end -3.5 3.5) (layer F.CrtYd) (width 0.05))
    (fp_line (start -3.5 -3.5) (end 3.5 -3.5) (layer F.CrtYd) (width 0.05))
    (fp_text user %R (at 0 0) (layer F.Fab) hide
      (effects (font (size 1 1) (thickness 0.15)))
    )
    (pad 1 thru_hole circle (at 0 0) (size 5.99948 5.99948) (drill 2.49936) (layers *.Cu *.Mask))
  )

